{
	"depth": "FFF",
	"temperature": 20.22,
	"roll": 0.5383052,
	"y": 0.02038574,
	"x": -0.009277344,
	"pitch": -1.18267,
	"z": 0.9874268
}